alf="ABCDEFGHIJKLMNÑOPQRSTUVWXYZ -"

p=2

A=
{[1,0,1,0,1,0,1];
[0,1,0,1,0,1,1]}

d=5

lista=[0,0,1,1,1,1,1,1,0,0,1,1,0,1,0,1,0,1,1,0,0,1,0,1,0,1,1,0,1,1,0,1,0,1,0,1,0,0,1,1,1,1,1,1,0,1,1,0,0,0,0,0,0,0,1,1,0,0,0,0,0,0,0,1,1,0,0,0,0,0,0,0,1,0,0,1,0,1,0,1,1,0,0,1,1,1,1,1,1,0,1,0,0,1,0,1,0,1,1,0,0,1,1,1,1,1,1,0,0,0,1,1,1,1,1,1,0,1,1,0,0,0,0,0,0,0,0,1,1,0,1,0,1,0,1,1,1,0,0,0,0,0,0,0,1,1,0,0,0,0,0,0,0,1,0,0,1,0,1,0,1,1,0,1,1,0,1,0,1,0,1,0,0,1,1,1,1,1,1,0,0,1,1,0,1,0,1,0,1,1,1,0,0,0,0,0,0,0,1,0,0,1,0,1,0,1,1,1,1,0,0,0,0,0,0,0,0,1,1,0,1,0,1,0,1,1,0,0,1,0,1,0,1,1,0,0,1,1,1,1,1,1,0,0,1,1,0,1,0,1,0,1,1,1,0,0,0,0,0,0,0,1,0,0,1,0,1,0,1,1,1,1,0,0,0,0,0,0,0,1,1,0,0,0,0,0,0,0,1,1,0,0,0,0,0,0,0,0,0,1,1,1,1,1,1,0,1,0,0,1,0,1,0,1,1,1,1,0,0,0,0,0,0,0,1,0,0,1,0,1,0,1,1,0,1,1,0,1,0,1,0,1,0,0,1,1,1,1,1,1,0,0,0,1,1,1,1,1,1,0,0,0,1,1,1,1,1,1,0,1,0,0,1,0,1,0,1,1,0,1,1,0,1,0,1,0,1,1,1,0,0,0,0,0,0,0,1,0,0,1,0,1,0,1,1,1,0,0,1,0,1,0,1,1,1,1,0,0,0,0,0,0,0,1,1,0,0,0,0,0,0,0,0,0,1,1,1,1,1,1,0,1,0,0,1,0,1,0,1,1,1,1,0,0,0,0,0,0,0,1,1,0,0,0,0,0,0,0,1,0,0,1,0,1,0,1,1,1,1,0,0,0,0,0,0,0,0,1,1,0,1,0,1,0,1,1,0,0,1,0,1,0,1,1,1,1,0,0,0,0,0,0,0,1,1,0,0,0,0,0,0,0,0,0,1,1,1,1,1,1,0,0,0,1,1,1,1,1,1,0,0,0,1,1,1,1,1,1,0,1,0,0,1,0,1,0,1,1,0,1,1,0,1,0,1,0,1,1,1,0,0,0,0,0,0,0,0,1,1,0,1,0,1,0,1,1,0,0,1,0,1,0,1,1,0,0,1,1,1,1,1,1,0,0,1,1,0,1,0,1,0,1,0,0,1,1,1,1,1,1,0,1,0,0,1,0,1,0,1,1,0,0,1,1,1,1,1,1,0,1,0,0,1,0,1,0,1,1,0,0,1,1,1,1,1,1,0,1,1,0,0,0,0,0,0,0,0,1,1,0,1,0,1,0,1,0,1,1,0,1,0,1,0,1,0,1,1,0,1,0,1,0,1,0,1,1,0,1,0,1,0,1,0,1,1,0,1,0,1,0,1,1,1,0,0,0,0,0,0,0,1,1,0,0,0,0,0,0,0,1,0,0,1,0,1,0,1,1,0,1,1,0,1,0,1,0,1,0,0,1,1,1,1,1,1,0,0,0,1,1,1,1,1,1,0,0,0,1,1,1,1,1,1,0,1,0,0,1,0,1,0,1,1,0,0,1,1,1,1,1,1,0,0,0,1,1,1,1,1,1,0,1,1,0,0,0,0,0,0,0,0,0,1,1,1,1,1,1,0,0,1,1,0,1,0,1,0,1,0]


